9000000000009000900000090000000090990000000000900000009900900099090090099900090090000000009000000000
0900000000000909000000900000000090099900000000090000000090990009009909009090909090000000009000000000
0090900000009090000009000000000900009000000000900000000999000090009000090009000900000000990000000009
0009990000090009900009990000000900009900900009000000909090000000090000009000000990000099099000000000
0090900000090009099090009000909000000990990009900009099009000000900000090000000099909909009900000009
0000090000090990000900009090990000000099999990909990000909000000090000090000000009090000090900090090
0000009090999000000090900999000000900900900000099000009090900000099000909000000990009000090090990900
0000000999090000000009090900000000099009000000000900090000090000009900909000009900000990009099009000
0000090900009000000090009090090000009090000000009009900000009990990099000990000090000900099900000000
0000099000000909000900990009900090099909990000000990000000090099000909009009000900000090999000000000
0000900990009099909000009090090990999909909990009000000000000009009000000000909000000999990909000000
0000090090090009090000009900009999990090000009000990000000090990099000000009990000000009900090000000
0090900009099990000000000900090909900000000000909990900000909009900000000000099000000099990090000000
0909009090900099900000000090000000990000000000090009000099000990090000000000990000090900909090900099
9900090900000009000000009900000000900000000000900000900900009000009000000009009000909009909009900900
9090900090000000900000090000000090990000000000090000099000000900000900000099900999000009000900090900
0009000009090009000000999000000099009009000000900000900000000900000090000090090900900000900090009000
0000000000909099000000099000000900000909000099000000999009000090000009990900009000090000900090000900
9000000009000900900909909000909000000099000090000009090990900900000000009000090000009000090990000999
0000000090000090099090909999099000000099090900000090000000099999000000990090900900090000009909909000
9900000090009900009000000090000900009900999090000009000000000999990090900909090090009000090900990000
0900000090090900090000000090009090990909009009000090000000099009909099009900009000099000900000999000
0990000999990090900000000090090009000090000909000900000000009099000990090000000900090909000000090000
9009009099000009990000000990009000000090009999909990000000090090000009900000000090990099900000990900
0000990090000000909090909009090000000090909909990900000009090009000999990000000909000000900000099009
0000000090000000900999909000990000000009990900900090900099900000909090909000099009000000990000009909
0000000900000009000099990000909000000909900000099909909009900000909090000900909009000000009000099099
0000000990000099090900900000900000009090990000000900090909000000090900000090900990000900099090990009
0000009009090009909900090000900000090000099900009090000099909000000990000009000009909099909909900099
9099099000909090009000009000090000090000099000000009000009099090000900000000009090090090000900090009
9900900909000900090000000900090000099000090990900990000000009909909090000000000900900000000090900000
9000000990000090999000009009909090900000900009009090000000999009090099000000990900900000000009000099
0000009000000999090000090909000990990000090000909090000000990000009900000099099909000000000990990909
0900000990000090009990900090099999009900990009990009000009990000000990909909009099900000000090009000
0090000909000009000009000090900099000909990000900000900999000000009009990000009009990000000900099000
0000009000000000900909900009900000900090909909000009990900900000000900900000000009909000999000900000
0090909900000009000000090009000000090900000990000000999000090000000090099000000000900990900000990000
0909090900000000900000090009000000009000000990000000090000009000000990009000000000090009990009009000
0909000990000009000000900090000000090000000009000000900000090000000009090000000000009000909009000000
9000000009000009090000090009000000099000000090900000099000999000000099009000000090090099900900900000
0000000009090999909009900090000000009000000000090090900909090000000990900900000090900900000099090900
0000000000909090000909009900000000990000000000990009000990009000009900090090900009000090000900009000
0000000000909000000099090909000009900000009909009090000900000999090090009909990990000090000090090000
0900000000090900000009900090000009990900000990909909009000000000909000000909090900000900000900009900
0000000000900000000090090009099090009000009000990000900900000000000900099090009090000990999000009009
0000000000900000000090090009900909009000090000099000909000000000000090090099000009000999099900000909
9000000000900000090009909000099000000990999000900000999000900000009900900009900000909090009990000090
9090000009000000009090000990900909000009990009000000099909000000990090900009090000090000000999900900
9990000090900000090900009009009090900000099009000000900990000009000009900099009000900000009909099000
0009900900099000900000000900090000090009900990000000900099000090000999090900009909000000009000090900
9009909000009000900000000090909000009000900900000099000909909009000000009900000090900000099000000099
0000090000000909090000009999900000009999000090000900000000990090000000000900000900090000900900000000
0009990000000090000000090090000000009090000009000090000000099099000000009000000000009909990000000000
0000009000000090000000900009000000000009000009909099000090999990000000090000000000000090900000000000
0000000900000009090000090000900000000000909090090900900009990009000000900000000000090900090900000099
0000009000000090900099900000090000000009099999900090900090900000990000990000000000909000009900000900
0000000909009900090900900000900000000009009990000009099900900000909009009000000009009900000090909000
0000000090090900009009000000900000000090099999000090009990090009009990000900000090000090000009000900
0000900990990099090000990000090000000900009090009900990909999090090000000099000999009990000000909900
0000099009000900900000009009009900009990090009000909000000000900009000000000909090900900009009999000
0000900099000000090000000990009099099000009000909999000900000090000900000000090090000900000909000990
0090900900000009909000000099090000990000090000099000000000000900000909000000990000000090009990000990
0999000990000000909090900900990000009000099000009000000000009000009090900000900000000009090900000099
9990909000000000999909909000090000000909990000009000000000090000090000090999090000000099900090000909
9990900990000000009009090000099000000099090000000999000000990000900000009090090000000090900900000000
9000099009000000009099009009999000900990000000009009009000009009000000000009009090090900099000000000
0000000900900000099900090990000909909009990000000900990000099090900000000090009999009000009000000000
0000009099000000999090000099000090099909900000099000900000900900990000000090990990990000000900000000
0000000009909000990000000990900009009090990909090000099000999000009000000009090900000000009000000000
0000000099900000990000000000099090990000999099900000000999900000009000000099000090900000000900000000
0000000009999009000000000000090990900000009009000000009000090000000900000990000009000000000090090009
0000000000990990000000000009900000090000990090990999000900009000909000000900000000900000000990909909
0000000099000099000000000090900000900000009090009000909000900909090000000099000000090000009909909999
0000000900000999900000000900990000090900090900000000990999090990009909000990900000900009090000090909
0000009000000090990990999000009000009909900900000000900900009090009090909000090000090009900000000000
9090909000009900009999900090099000009090099000000009909000000009090000090000999000009090000000000009
0909090090990000900099900000000900990000009000000000099900000000990000000000000909090990000000000009
0000009099900000000009900000000090900090000990000009999000000000900000000000909909900099900900000000
0000000900900090000999900000990909009909099999000909990000000000900000000000090090000000999090090099
9000099000909900009009000000009009090000909000000999909000000000099000000990900000000009900009909090
0000900000090990090009000000090900990009000900000990009000000000009900000099900000000000990000000900
9900099000000099900000900000000090900000000090909900009000000090090090000900090000090009900000000900
9099090000000090090900090000000909000000000009990900000900000009900009000900009000099099000000000090
0000990000000999099909909000099009000000000000900090000090000009000000909000999900900990900000000009
0099090900000990900990900900090000900000000009900090000009000090000000990000009999000900000000000099
0909009000009990000900099990900009000000000009000009000000900990900009090000000909009000000000000009
0000909000099090000000999009000000990000000009900090990099999009990090000009099000900990000000009090
0000099900900009000000090000000000090900000009090900090900900000909909000009090000099909000099090900
0009909999090000900000009909000000009990900090009000099000090009009009999000900000909000909900900900
0009000900000009990000000990000000099909090909990000900000099099000000990009090909000000909000000090
9090099900000000909000009009000090990000009000099009000000090900000000099090009090000000099000000009
0900900000000099009000000909009909900000090000009909000000000090000000090900009090000000000900000099
0009000000000900009900099999909000090000900000090090900000000909900000900090099999000000000090000000
0000990000000900000099900909990000900000090000099090090000000909090000900909909000000000000009000000
0000090000009090000000909000900000090000090000000909900000099000009009999000900990000000000090000000
0009099000090009000000090909000000090000009000009000990900090000909099909000909090000000000009000000
9090999900090000009009900000900090909900099900090000909900900000000999000000090009000000090090000009
0900990099090000000090090900090909900090999090900000000999000000009990000000009000900000909900090009
0009000009099000000090900000009000090099090009000000009000900000000099000000090900900909009000009090
0000900000999000000009000000000900009900009000000000000900090900090900000000000090090990000900009900
