0000000000000001004000000000000000000000002000000100000000000000000500000030002000000000000000000000
0000000100000000000000000100000000000000000000000000000001000000000000000000000000000300000000010000
0000000000000000000000000000000000000000000000000000000000000000000000000000000000000000000000000000
0000000000000000000000000000000000000000000000000000000000000000000000000000000000000000000000000000
0000000000000020000000000000000000000000000000000000000000000200000000400000000000000000000000000000
0000000000000000000010000000000100000000000000000000000010000000000000000000000000000005000000000000
0100000000000000000000000000000000000000000000000000000000000000000000000000000000000000002000000000
0000000000000000500000000000000000000060000000000020000000000000000000000001000000000000000000000000
0000000000040000000000000200000000000000000000000000000000000000000000000000000000000000000000000000
0000000000000000000000000000000000000010000000100000000000000000200000000000000000100000000000000100
0000000000000000000000000000000000000000000000000000000020000000000000000000000000000000000000000000
0000000000000010000000000000000000000000000000000000000000000000000000000000000000000000000000000000
0000000000000000000100000000000000000000000000000000000000000020000000030000000000000000000000000000
0000000000000000000000000000000000000000000000000000000000000000000000000000000000000000000000000000
0000200000000000000000000000200000000000200000000000000000000000000000000000100000000000000000000000
0000000000000000000000000000000000000000000000000000000000000000000000000000000000000000000020000000
0000000000200000000000000000000000000000000000000000000000000000001000000000000000000000050000000000
0000000000000000000000000000000000000000000000010000000000300000000000000000000000000000000000000001
0000200000000000000000000000000000000000000000000000000000000000000000000000000000000001000000000000
0000000000000000000000000000000100000000000000000000000000000000000000001000000000000000000000000000
0000000000000000020000000004000000000010000000000000000000000000000000000000000000000000000000000000
1000000000300000000000000000000000000000000000000000000000000000030000000000000003000000000000000000
0000000000000000000003000000000000000000500030000000000100000000000000000000000000000000000000000050
0000000000000000000000000000000000000000000000000000000000000000000000000005000000000000000000000000
0000000000000000050000000000000000000000000000000000000000000000000000000000000000000000000300000000
0003000000004000000000000000000000000000000000000200000000000001000100000000000000000000000000000000
0000000000000000000000000000000000100000000000000000000000000000000000000000000100000400000000000000
0000000000000000000000000100000000000000000000300000000000000000000000000000000000000000000000000000
0000000000000000010000000000000000000000000000000000000000000000000000000000000000000000000000000000
0000000030000000000000000000000000000000000000000000010000000000000000000100000000000000000000000000
0000000000000000000000000000000000000050000000000000000000000000000500000000000001000000000002000000
0000000000000000000004000000000000000000010000000000000000000000000000000000000000000000000000000400
0000000000000000000000000000000000000000000000000000000000000000000000000000000000000003000000000000
0000000000000000000000000000000000000000000000000000000000000000000000000000000000000000000000000000
0000000000000000000000000002000000000000000000000000000000000000000000000000000000000000000000000000
0000100000020000000000000000000000001000000000000000000000000000000000000000000000000000000100000000
0000000000000000000000000000000000000000000000000000000000000001000000100000010000000000000000000000
0000000000000000000000000000000000000000000000010000000000000000000000000000000000000000000000000000
0000000000000000010000000100000000000000000000000000000000000000000000000000000000000000000000000001
0000000000000000000000000000002000000000000000000000000100000000000000000000000000000000000000000000
0000000000000000000000000000000000000002000000000000000000000000000000000000000000001000000000000000
0000000000000000000000000000000000000000000000000000000000000000000000000000000000000000500000000000
0000000000020000000000000000000000000000000000100004000000000000000000000000000000000000000001000000
0000100000000000000000000000000000000000000000000000000000000000000005000030000000000000000000000000
0000000000000000000000000000000000000000000000000000000000000000000000000000000000000000000000000000
0000000000000002000000200500010000000000000400000000000000001000000000000000000000000000000000000000
0000000000000000000000000000000000000000000000000000000000000000000000000000000000000000000000000000
0000000000000000000000000000000000003000000000000000000000000000000000002000000010000000000000000000
0000000000000000000000000000000000000000000000000000000000000000000000000000000000000000000000000000
0000000000000000000000000000000000000000000000000200000000000000000000000000000000000000000000000002
0000000000000000000000000001000000000000004000000000000000000000000000000000000000000000000000000000
0000000000100000000010000000000000000000000000000000000000000000000000000000000000000001000000000000
0000000000000000000000000000000000000000000000000000004000000000000200000000000000000000000000200000
0000000000000000000000000000000000000000000000000000000000000000000000000000010000000000000000000000
0000000000000000000000000000000001000000000000200003000000000000000000000000000000000000000000000000
0100000000000000000000000010000000000000000000000000000000000500000000000000000000000000000000000000
0000000000000010000000000000000000000000000000000000200000000000000000000000000000000000000000000003
0000000000000000000000000000000000000000000000050000000000200000000000000000000000000000010000000000
0000000000000000000000000000000000000000000000000000000000000000000000000000000000000000000000000000
0000000000000000000002000000000000000000000000000000000000000000000000020000000000000000000000000000
0000003000000000000000000000000000000000030000000000000000000000000000000000000000000000000000000000
0000000000000000020000000000000000000000000000000000000000000010000000000000000000200000000000000000
0000000000000000000000000000000002000000000000000000000010000000000000000000000000000000000000000000
0000000000000100000000000000000000000000000000000000000000000000000000000000000000000000000100000000
0000000000000000000200000000000000000000000020000000000000000000000000000000000000000000000000000000
0000000000000000000000000010000000000000000000000000000000000000000000000000000000000000000000000000
0000000001000000000000000000000000000000000000000000000000000000000000000000030000000000000000001000
0000000000000000000000000000000000000030000000000000000000040000000000000000000000000000000000000000
0000000000000000000000000000003000300000000000000000000000000000000001000000000000000000000000000000
0000000000000000000000000000000000000000000000000010000000000005000000000000000000000020000000000000
0002000000000000000000000000000000000000000000000000000000000000000000000000000010000000000000000000
0000000000000000000000010000000000000050004000000000000000000000000000000000000000000000000000030000
0000000000000000000000000000000000000000000000000000000000020000000000000000000000000000000000000000
0000000030000000000000000000000030000000000000000000000000000000000000000000000000000000000000000000
0000000000000000000000000000000000000000005000000000000000000000000000000000000000000000000000000000
0000000000000000000000000000000000000000000000000000010000000000100000000000000000000000000000000000
0000000000000000000000000000000000000100000000010000000000000000000000010000000000000000000001000000
0000000000000030000000000000000000000000000000000000000000000000000000000000000000000000000000000000
0000200000000000000000000010000000000000000000000000000000000000000000000000000000000000000000000000
0000000000000000000000000000000000000000000000000000000000010000000000000000000002000000000000000000
0000000000000000000050000000000010000000000000000000000000000000000000000000000000000000000000000000
0000000000000000000000000000000000000000000000000000000000000000000000000000000000000000000000000001
0000000003000000200000000000000000000000000000000000000000000000000000000000000000000000000000000000
0000000000000000000000000000000000000000000000000300000100000000000000000000000000000000000000000000
0000000000000000000000070000000000000001000000000000000000000000000000000300000000005000000010000000
0000200000000000000000000000001000000000000000000000000000000000000010000000000000000000000000000000
3000000000000000000000000000000000000000000000000000000000000000000000000000000010000000000000000000
0000000000000000000000000000000000000000000000000003000000000001000000000000000000000000000000000002
0000000000000000000000000000000000000000000000100000000000000000000000000000000000000000000000000000
0000000000000000001000000000000000000000000000000000000000000000000000000000000000000000000000000000
0000000000000000000000000300000000000000000000000000000000000000000000000000000000000000000000000000
0020000000000000000000000000000000000000000000000000000000000000003000000006000400000000000000000000
0000000000001000000000000000000000000002000004000002000030000000000000000400000000000000000000000000
0000000000000000000000001000000000000000000000000400000000000000000000000000000000000000000000100000
0000000000000000000000000000000400000000000000000000000000000000000000000000004000000100000000000000
0000000000000000000000000000000000000000000000000000000000000000000000000000000000000000000000000000
0000000000000000000000000000000000050000000000000000000000000000000000000000000000000000000000000000
0000000000000000100000100000000030000000000000000000000000000003000000000000000000000000000000000000
0000000000000000000000000003000000000000000000010000000000000000000000000000000000000000000000000000
0003000003000000000000000000000000000010000000000000000010000000000000000100000001000000002000000020
